left_boundary = 2.000000
lower_boundary = 7.200000
sann 0
next
shape
1477010443100000  2.75229
1477010443200000  0.625441
1477010443300000  0.395757
1477010443400000  0.176505
1477010443500000  0.517602
1477010443600000  3.43617
1477010443700000  0.347491
1477010443800000  10.6322
1477010443900000  3.39777
1477010444000000  2.1981
1477010444100000  3.80663
1477010444200000  0.15356
1477010444300000  2.69803
1477010444400000  0.501967
1477010444500000  0.319238
1477010444600000  0.63306
1477010444700000  0.579131
1477010444800000  2.96178
1477010444900000  0.983006
1477010445000000  1.50992
1477010445100000  2.19332
1477010445200000  0.355922
1477010445300000  0.841004
1477010445400000  3.12394
1477010445500000  2.31963
1477010445600000  0.889267
1477010445700000  0.449112
1477010445800000  2.38203
1477010445900000  0.928637
1477010446000000  0.510786
1477010446100000  0.297056
1477010446200000  0.284406
1477010446300000  0.475142
1477010446400000  0.376721
1477010446500000  0.255145
1477010446600000  2.18905
1477010446700000  0.819349
1477010446800000  0.410442
1477010446900000  2.37923
1477010447000000  4.14156
1477010447100000  1.08963
1477010447200000  1.35966
1477010447300000  3.96571
1477010447400000  4.16895
1477010447500000  2.97548
1477010447600000  0.746157
1477010447700000  0.867577
1477010447800000  2.01851
1477010447900000  0.00545395
1477010448000000  5.0446
1477010448100000  1.05538
1477010448200000  2.00328
1477010448300000  1.01405
1477010448400000  1.35394
1477010448500000  0.343961
1477010448600000  1.10895
1477010448700000  2.25422
1477010448800000  3.79508
1477010448900000  0.0196271
1477010449000000  0.692117
1477010449100000  0.138164
1477010449200000  1.84875
1477010449300000  3.80601
1477010449400000  0.895756
1477010449500000  1.10496
1477010449600000  0.485303
1477010449700000  0.325492
1477010449800000  2.75931
1477010449900000  0.860765
1477010450000000  0.767696
1477010450100000  1.32363
1477010450200000  1.79513
1477010450300000  0.602276
1477010450400000  0.741517
1477010450500000  1.73278
1477010450600000  0.150338
1477010450700000  1.94003
1477010450800000  0.165518
1477010450900000  1.82171
1477010451000000  0.685608
1477010451100000  0.535679
1477010451200000  3.45562
1477010451300000  1.67973
1477010451400000  1.06017
1477010451500000  2.16188
1477010451600000  2.7812
1477010451700000  0.117795
1477010451800000  3.36234
1477010451900000  0.609471
1477010452000000  0.265395
1477010452100000  0.686691
1477010452200000  1.44922
1477010452300000  1.9167
1477010452400000  0.761659
1477010452500000  1.12074
1477010452600000  2.01012
1477010452700000  2.73516
1477010452800000  1.1626
1477010452900000  6.13751
1477010453000000  0.0847322
1477010453100000  0.513647
1477010453200000  2.26661
1477010453300000  1.62641
1477010453400000  0.782582
1477010453500000  2.2694
1477010453600000  0.615766
1477010453700000  0.782903
1477010453800000  3.73029
1477010453900000  1.46684
1477010454000000  3.34892
1477010454100000  0.369218
1477010454200000  0.533303
1477010454300000  3.87898
1477010454400000  1.83379
1477010454500000  0.778052
1477010454600000  1.95126
1477010454700000  0.852498
1477010454800000  4.08725
1477010454900000  0.116637
1477010455000000  0.893111
1477010455100000  0.631432
1477010455200000  0.29771
1477010455300000  2.61484
1477010455400000  0.409766
1477010455500000  1.69779
1477010455600000  0.573909
1477010455700000  2.10612
1477010455800000  2.45245
1477010455900000  0.716304
1477010456000000  0.0132825
1477010456100000  1.34439
1477010456200000  0.638581
1477010456300000  1.5538
1477010456400000  5.04178
1477010456500000  4.0195
1477010456600000  1.57166
1477010456700000  1.64202
1477010456800000  2.59418
1477010456900000  1.56824
1477010457000000  1.00964
1477010457100000  0.587469
1477010457200000  0.375499
1477010457300000  2.758
1477010457400000  1.35516
1477010457500000  4.62622
1477010457600000  0.553254
1477010457700000  1.26994
1477010457800000  0.294648
1477010457900000  1.74417
1477010458000000  0.135521
1477010458100000  4.72978
1477010458200000  0.554777
1477010458300000  0.615678
1477010458400000  3.59835
1477010458500000  3.48273
1477010458600000  3.23956
1477010458700000  2.99281
1477010458800000  0.566105
1477010458900000  1.69541
1477010459000000  3.99179
1477010459100000  1.67773
1477010459200000  1.18447
1477010459300000  0.835388
1477010459400000  1.78384
1477010459500000  5.47952
1477010459600000  2.18324
1477010459700000  0.458815
1477010459800000  1.40825
1477010459900000  0.513079
1477010460000000  0.165538
1477010460100000  2.38905
1477010460200000  0.267537
1477010460300000  3.00113
1477010460400000  1.20106
1477010460500000  14.9742
1477010460600000  0.72746
1477010460700000  1.29781
1477010460800000  1.74185
1477010460900000  0.215534
1477010461000000  1.23753
1477010461100000  5.81692
1477010461200000  2.22297
1477010461300000  0.660059
1477010461400000  2.15369
1477010461500000  3.13012
1477010461600000  5.30592
1477010461700000  2.74529
1477010461800000  0.378494
1477010461900000  0.607844
1477010462000000  0.57278
1477010462100000  0.541261
1477010462200000  2.0006
1477010462300000  4.31062
1477010462400000  1.36372
1477010462500000  5.90902
1477010462600000  1.24521
1477010462700000  1.11184
1477010462800000  0.0397939
1477010462900000  0.551008
1477010463000000  2.60984
1477010463100000  1.70252
1477010463200000  2.99967
1477010463300000  0.084583
1477010463400000  0.388799
1477010463500000  0.841598
1477010463600000  0.0972787
1477010463700000  1.49164
1477010463800000  0.249659
1477010463900000  3.79055
1477010464000000  2.02777
1477010464100000  0.43082
1477010464200000  0.920882
1477010464300000  1.21455
1477010464400000  0.0430776
1477010464500000  0.0957784
1477010464600000  4.24791
1477010464700000  1.01604
1477010464800000  0.290438
1477010464900000  2.11491
1477010465000000  0.0648454
1477010465100000  4.5946
1477010465200000  2.98161
1477010465300000  1.31583
1477010465400000  0.596118
1477010465500000  0.74731
1477010465600000  6.04949
1477010465700000  0.720873
1477010465800000  3.30966
1477010465900000  1.10436
1477010466000000  1.30649
1477010466100000  1.20303
1477010466200000  0.763672
1477010466300000  1.84789
1477010466400000  0.25687
1477010466500000  2.15692
1477010466600000  7.80386
1477010466700000  0.640464
1477010466800000  3.82306
1477010466900000  2.12647
1477010467000000  1.9378
1477010467100000  0.871803
1477010467200000  2.72371
1477010467300000  1.01908
1477010467400000  1.97482
1477010467500000  0.638461
1477010467600000  0.940171
1477010467700000  5.4858
1477010467800000  5.06736
1477010467900000  0.575896
sann 1
next
color = 10
thickness = 0.5
pl 0
1477010441911028.250000 5.991
1477010469119857.250000 5.991
next

